
state={
	id=267
	name="STATE_267" # Kabul
	manpower = 1
	state_category = town
	

	history={
		owner = WST
	
		victory_points = {
			10737 5 
		}
		victory_points = {
			12248 1
		}
		add_core_of = WST
	}

	provinces={
		5082 7448 7519 7584 7916 7984 10476 10737 10781 10826 10852 10896 12248 12314 12653 12769 12831 12877 
		1948 1995 2017 2062 2078 2101 4893 4949 5020 5064 8053 8090 10789 12788 12871 
		1955 10791 10850 12702 
		4932 5081 8118 12740 
		2057 4974 8101 10815 10901 
		4968 5058 10892 10923 12749 
		1033 2027 2095 5027 7970 8092 12101 12455 
		5006 8030 10870 12768 
		5024 5093 7995 8004 8060 12727 12813 12870
		1923 2090 5037 8073 10786 12883  
		2033 4981 5099 7934 10748 10835 12758 
		1961 5094 8029 10802 12784 12801 
		2010 2093 4994 5011 7926 8068 10755 10918 
		1991 2014 2098 4900 5033 8121 12807 
	}

	local_supplies=0.0 
}
