state = {
	id = 278
	name = "STATE_278" # Pampas
	manpower = 1
	
	state_category = wasteland

	history = {

		owner = WST
		add_core_of = WST

		
		
		victory_points = {
			12364 15 
		}

		victory_points = {
			7621 2 
		}

	}

	provinces = {
		2149 2161 2169 2199 5118 5121 5159 5169 5173 5201 5209 5215 8161 8176 8192 8198 8218 8913 10935 10953 10961 10981 11005 11009 12306 12321 12349 12920 12946 12952 12954 12982 13295 13296 13297 13299 13300 13305 13306 13307 
		1555 1568 1596 1624 1639 2158 2172 4573 4602 4643 5152 5163 5184 5219 7500 7550 7621 8208 10375 10390 10402 10418 10975 10985 11021 11022 12351 12364 12379 12394 12409 12494 12942 12970 12998 13000 
		2106 2152 2173 2194 2195 2208 2209 5143 5165 5213 8169 8203 8255 10944 10965 10973 10986 11023 12901 12922 12943
		2160 2174 5179 5188 5229 5230 8157 8211 8225 8240 10924 10938 10952 10982 10987 10996 12902 12916 12917 12930 12973 12979 13134 13174 13195
		650 2136 2179 2215 2224 5131 5146 5171 5191 5192 5228 8194 8195 8215 8216 8217 8222 8229 8231 8251 8253 10964 10992 11000 11001 12914 12928 12978 12984 12994 13301 13302 13303 13304 13308 13309 13310 13311
		2156 2162 2182 2210 2212 2225 2226 5162 5166 5190 5202 8149 8160 8191 8199 8213 10940 10942 10970 12869 12953 12969 12983 12997 13086 13175 13286 13287 13288 13289 13290 13291 13316 
		1887 1937  2007 2023  2079 2085    4969  5026 5051   5120 7936  7991 7993  8047 8056 8075   8252 10494 10747  10790 10792  10846  10864 10888  11020 12703 12729 12770  12790 12798 12825 12845 12872 
		11007 8238 12964 8187 10943 1449 10515 12453 12440 12468 10502 4457 12496 10362 12336 10347 1654 1613 1626 12481 1641
		
		









	}

	local_supplies = 0.0 
}
